9909109
6209
9808035
9309055
9812067
9903182
9601164
5236
3284
9509118
9306130
9803097
9607157
4201
9608013
9306009
9509108
9906124
9812252
9905111
5106
9905085
9702198
9911029
9312001
5131
9712102
9505085
9206084
9812164
9512034
9803042
9611101
9904198
3253
9511024
4003
9412027
5090
9411235
9701169
9708025
9304131
1035
9708060
9510228
9910019
9805051
9301128
9711042
9904152
9408039
9712094
9605172
9911193
9705128
9507015
9907100
9709066
9304125
9207051
9608135
9203046
4133
9509047
9612133
9606061
9901102
9801190
9303099
3212
9310155
5051
9611092
1031
9911092
9403069
9802118
9309115
9704101
9810041
9601151
9608178
9803212
9305163
9307116
9603123
3156
9803208
1017
103195
9311065
9703007
7171
9708140
9912088
9709093
9209037
6156
9901098
9707059
9611071
9903167
9310202
9712122
9305179
9609018
9401086
9810026
2186
1188
9712199
9407193
9609062
9805045
9904202
9908182
3150
9903012
9701118
9609152
9802033
1213
6203
9812227
3256
9308106
9608171
9912160
3017
9805175
9411128
5246
9912145
9712206
9311180
9301035
9704123
9210099
9307045
3025
9411122
9606165
9307143
9901144
9706139
9612221
9907014
2049
9608030
9604121
9805019
9505134
9608195
3204
9811220
2056
9808053
9910033
9706197
9609175
9407049
9512171
9308122
9406062
9610066
9403109
9608105
9705185
9302060
9211089
9902183
9604177
9512140
9801102
9808177
2151
9210150
9606193
9903146
9303140
9906125
9410031
9909070
3258
9711077
9910206
9908044
9510140
9610067
9808005
9812016
9504154
9508091
9307120
9504114
9705187
9502155
9710073
9803106
9206078
9409134
9704133
9301075
9707011
9804122
9211054
9810152
9709173
9901091
7161
9804099
2025
7170
9308066
9910175
9909215
9712022
9805172
6193
9608090
1039
9803109
6066
9610082
9211066
9412075
9603104
6043
9811025
9912119
9412218
9909126
9611198
9039
9707223
9807173
9305130
9411149
9909229
9201029
9209076
7065
9901044
9807076
9912200
9708134
9308158
9804118
5162
9302126
9504038
9707141
9310111
9603019
9510086
9912210
9707111
9307002
9511119
9211059
9203079
9906155
9710166
9906020
9505121
9711156
7034
9408178
9501088
9706019
9610059
9411055
9511008
9205065
4154
9803229
9910146
9601067
9412195
7205
9909127
9205016
9611214
9701151
9512007
6136
9912274
9803156
9906072
3291
9808062
5180
10090
9307043
3117
9708119
9209003
9503126
9812141
9307168
9701134
9808029
7136
9412109
9608196
9706069
9211092
9205094
5151
9705087
9601094
9403115
9706219
9211025
9309018
9812087
9702148
9707013
9611119
9303106
9807107
9901043
9512138
9303068
9910237
9706119
6097
9903160
9908089
9308091
9507070
9809153
9906228
9906004
9502015
3085
9210163
9901009
9803108
9710124
9206005
9301001
9704153
1085
9910031
9310017
3126
4049
9807072
9405057
9712245
9906168
3273
5061
9603102
9902048
9411179
9701088
9304080
9612181
9303119
9407010
9404025
9706117
9606191
9412129
9511164
9607057
9811089
9802125
9606027
9712086
9703097
9901057
5143
9603093
9606073
9812116
9305028
9704069
9808026
9612144
9707083
9307010
9405026
9710234
9312187
9211044
9410191
6210
9610087
9710185
9807017
5072
9804086
9302048
9602179
9502057
9604038
9305012
4204
9707090
9306073
9401149
9604041
9409024
9804105
206223
9409153
9310011
9803127
9606092
5003
9712165
9704082
9307118
9512152
9402016
9908060
9501097
9705030
4102
9705220
8128
9810251
9606033
9406054
9203083
9207057
9809202
9712230
9807064
9312102
9307080
9705190
6224
9406091
9310165
4134
9610204
9311049
9507165
9503185
9802016
9511191
9903227
9705107
9202006
9412203
9504142
9903186
9912060
9403122
9603195
9903155
9912168
9711202
9910218
9305080
9405120
9907008
9412220
9908017
9807221
9404175
9505084
9808074
9607200
9201047
2255
9601147
9506023
9305024
9207018
9306033
5142
1076
9411231
9509006
9503041
4167
6221
9810163
9206113
5002
9612250
9503133
9703187
9302101
9812205
9710123
9907202
9910251
9510200
9709228
9804083
9305040
9904147
9912262